VehicleName	TimeStamp	POS_X	POS_Y	POS_Z	Q_W	Q_X	Q_Y	Q_Z	Throttle	Steering	Brake	Gear	Handbrake	RPM	Speed	ImageFile
PhysXCar	1645805793208	0	0	-0.029776	1	3.47533e-05	0	0	1	-0.5	0	0	0	2883.95	-6.92497e-07	img_PhysXCar__0_1645805793207014200.png
PhysXCar	1645805793228	0	0	-0.0310729	1	3.47533e-05	0	0	1	-0.5	0	0	0	2953.79	-5.08661e-07	img_PhysXCar__0_1645805793226763500.png
PhysXCar	1645805793276	0	0	-0.0341418	1	3.47533e-05	0	0	1	-0.5	0	0	0	3175.7	-9.17194e-07	img_PhysXCar__0_1645805793274806900.png
PhysXCar	1645805793323	0	0	-0.0348513	1	3.47533e-05	0	0	1	-0.5	0	0	0	3356.51	-8.37576e-07	img_PhysXCar__0_1645805793321516900.png
PhysXCar	1645805793377	0	0	-0.0352726	1	3.37653e-05	0	0	1	-0.5	0	0	0	3584.22	-7.61381e-07	img_PhysXCar__0_1645805793375948900.png
PhysXCar	1645805793425	0	0	-0.0355264	1	3.2806e-05	0	0	1	-0.5	0	0	0	3795.37	-5.0171e-07	img_PhysXCar__0_1645805793424090600.png
PhysXCar	1645805793475	0	0	-0.0357105	1	3.2806e-05	0	0	1	-0.5	0	0	0	3821.36	-5.02273e-07	img_PhysXCar__0_1645805793473984500.png
PhysXCar	1645805793524	0	0	-0.0358326	1	3.2806e-05	0	0	1	-0.5	0	0	0	3752.06	-5.9841e-07	img_PhysXCar__0_1645805793522835000.png
PhysXCar	1645805793571	0	0	-0.0359519	1	3.18695e-05	3.10522e-13	9.74353e-09	1	-0.5	0	0	0	3694.27	-3.57906e-07	img_PhysXCar__0_1645805793570367100.png
PhysXCar	1645805793626	0.0028125	-0.0009375	-0.036074	1	9.96154e-05	0.000226933	-0.000420802	1	-0.5	0	1	0	3632.09	0.182338	img_PhysXCar__0_1645805793624784500.png
PhysXCar	1645805793674	0.0184375	-0.0059375	-0.0363155	0.999997	0.000302574	0.000814831	-0.0020554	1	-0.5	0	1	0	3684.1	0.440369	img_PhysXCar__0_1645805793672227800.png
PhysXCar	1645805793721	0.040625	-0.01125	-0.036535	0.99999	0.000513315	0.00128646	-0.00428407	1	-0.5	0	1	0	3736.48	0.677459	img_PhysXCar__0_1645805793720222100.png
PhysXCar	1645805793778	0.08125	-0.0203125	-0.0367131	0.999966	0.00078154	0.00176397	-0.00803654	1	-0.5	0	1	0	3804.48	0.960944	img_PhysXCar__0_1645805793776854600.png
PhysXCar	1645805793838	0.155625	-0.0375	-0.0366755	0.999889	0.0011188	0.00222384	-0.0147094	1	-0.5	0	1	0	3880.89	1.26004	img_PhysXCar__0_1645805793834862500.png
PhysXCar	1645805793877	0.2125	-0.050625	-0.0368759	0.999805	0.00130067	0.00242226	-0.0195693	1	-0.5	0	1	0	3935.8	1.4645	img_PhysXCar__0_1645805793875130000.png
PhysXCar	1645805793925	0.276562	-0.065	-0.0370303	0.999685	0.00146475	0.0025722	-0.0249082	1	-0.5	0	1	0	3998.75	1.68887	img_PhysXCar__0_1645805793924012900.png
PhysXCar	1645805793976	0.365938	-0.086875	-0.0370956	0.999477	0.00165163	0.00270451	-0.0321667	1	-0.5	0	1	0	4069.7	1.93193	img_PhysXCar__0_1645805793975539500.png
PhysXCar	1645805794024	0.47875	-0.115	-0.0370922	0.999149	0.00184793	0.00279565	-0.0411044	1	-0.5	0	1	0	4141.37	2.16832	img_PhysXCar__0_1645805794022684400.png
PhysXCar	1645805794075	0.591875	-0.145	-0.0371236	0.998749	0.0020209	0.00283783	-0.0498879	1	-0.5	0	1	0	4217.28	2.40661	img_PhysXCar__0_1645805794073627800.png
PhysXCar	1645805794126	0.7175	-0.18	-0.0371532	0.998232	0.00219605	0.0028492	-0.0593215	1	-0.5	0	1	0	4287.81	2.6193	img_PhysXCar__0_1645805794124841300.png
PhysXCar	1645805794176	0.850937	-0.218125	-0.0371603	0.997605	0.00237223	0.00283554	-0.0690742	1	-0.5	0	1	0	4369.13	2.85709	img_PhysXCar__0_1645805794174696100.png
PhysXCar	1645805794226	0.994062	-0.262187	-0.0371699	0.996844	0.00255573	0.00280135	-0.0792981	1	-0.5	0	1	0	4446.74	3.07516	img_PhysXCar__0_1645805794224852800.png
PhysXCar	1645805794275	1.11687	-0.3025	-0.037219	0.996119	0.00271107	0.00276172	-0.0879324	1	-0.5	0	1	0	4519.04	3.27097	img_PhysXCar__0_1645805794273758400.png
PhysXCar	1645805794328	1.315	-0.370937	-0.0371189	0.994826	0.00295873	0.00268002	-0.101514	1	-0.5	0	1	0	4607.79	3.51055	img_PhysXCar__0_1645805794326480500.png
PhysXCar	1645805794374	1.47219	-0.428438	-0.037152	0.993693	0.00315261	0.00260691	-0.112057	1	-0.5	0	1	0	4684	3.70058	img_PhysXCar__0_1645805794372651200.png
PhysXCar	1645805794425	1.65469	-0.498437	-0.0370811	0.992268	0.00337535	0.00251248	-0.12404	1	-0.5	0	1	0	4769.28	3.91066	img_PhysXCar__0_1645805794423869600.png
PhysXCar	1645805794504	1.94531	-0.619375	-0.0365089	0.989763	0.00371617	0.00233934	-0.142651	1	-0.5	0	0	0	4872.44	4.20491	img_PhysXCar__0_1645805794487535700.png
PhysXCar	1645805794540	2.09594	-0.685625	-0.0369447	0.988374	0.00382166	0.00207157	-0.151983	1	-0.5	0	0	0	4807.54	4.22	img_PhysXCar__0_1645805794525690800.png
PhysXCar	1645805794592	2.29	-0.775	-0.0369959	0.986491	0.00388155	0.00153539	-0.16376	1	-0.5	0	0	0	4723	4.21718	img_PhysXCar__0_1645805794573485500.png
PhysXCar	1645805794662	2.5525	-0.905312	-0.0368922	0.983692	0.00396997	0.000917159	-0.179814	1	-0.5	0	2	0	4449.22	4.29175	img_PhysXCar__0_1645805794625687000.png
PhysXCar	1645805794678	2.59219	-0.92625	-0.0368978	0.983235	0.00400935	0.000902746	-0.182296	1	-0.5	0	2	0	4428.08	4.35961	img_PhysXCar__0_1645805794677215000.png
PhysXCar	1645805794730	2.82219	-1.05219	-0.0369157	0.980451	0.0043083	0.00103167	-0.196714	1	-0.5	0	2	0	4362.03	4.61135	img_PhysXCar__0_1645805794728649800.png
PhysXCar	1645805794780	3.02469	-1.16875	-0.0369543	0.977841	0.00457873	0.00115621	-0.209296	1	-0.5	0	2	0	4309.12	4.82962	img_PhysXCar__0_1645805794777183200.png
PhysXCar	1645805794830	3.24062	-1.29969	-0.0370786	0.974889	0.00486712	0.00123131	-0.222634	1	-0.5	0	2	0	4256.72	5.05809	img_PhysXCar__0_1645805794828426800.png
PhysXCar	1645805794881	3.46375	-1.4425	-0.0371477	0.971657	0.00516697	0.00124231	-0.236333	1	-0.5	0	2	0	4209.65	5.27734	img_PhysXCar__0_1645805794879901800.png
PhysXCar	1645805794931	3.68156	-1.59	-0.0371697	0.968328	0.00545672	0.00119868	-0.249618	1	-0.5	0	2	0	4167.23	5.48938	img_PhysXCar__0_1645805794928468100.png
PhysXCar	1645805794979	3.90906	-1.75125	-0.0371816	0.964737	0.00571128	0.0011363	-0.263152	1	0	0	2	0	4129.51	5.70557	img_PhysXCar__0_1645805794977082900.png
PhysXCar	1645805795027	4.1075	-1.89187	-0.0371915	0.962168	0.00558925	0.00119205	-0.272397	1	0	0	2	0	4103.4	5.9086	img_PhysXCar__0_1645805795026508400.png
PhysXCar	1645805795079	4.3975	-2.08719	-0.0371896	0.960305	0.00465483	0.00147769	-0.278909	1	0	0	2	0	4079.06	6.12107	img_PhysXCar__0_1645805795077788000.png
PhysXCar	1645805795129	4.62156	-2.2325	-0.0371892	0.959861	0.00380005	0.00174258	-0.280445	1	0	0	2	0	4051.03	6.31628	img_PhysXCar__0_1645805795128072500.png
PhysXCar	1645805795182	4.9425	-2.43875	-0.0371908	0.959676	0.00280187	0.00205833	-0.281088	1	0	0	2	0	4022.21	6.5316	img_PhysXCar__0_1645805795180737200.png
PhysXCar	1645805795229	5.20687	-2.60875	-0.0371897	0.959634	0.00220478	0.00224123	-0.281236	1	0	0	2	0	3999.89	6.72208	img_PhysXCar__0_1645805795227157100.png
PhysXCar	1645805795281	5.50625	-2.80125	-0.0371855	0.959617	0.00171357	0.00238364	-0.281293	0	0	0	2	0	3974.21	6.90442	img_PhysXCar__0_1645805795279878400.png
PhysXCar	1645805795335	5.78125	-2.97781	-0.03718	0.959611	0.00139285	0.00246633	-0.281315	0	0	0	2	0	3728.51	7.10794	img_PhysXCar__0_1645805795334367800.png
PhysXCar	1645805795381	6.10063	-3.18281	-0.0371671	0.959608	0.00112821	0.00250595	-0.281328	0	0	0	2	0	3278.26	7.27731	img_PhysXCar__0_1645805795379434500.png
PhysXCar	1645805795430	6.40219	-3.37625	-0.0371438	0.959606	0.000948114	0.00247925	-0.281335	0	0	0	2	0	2826.68	7.42455	img_PhysXCar__0_1645805795428225900.png
PhysXCar	1645805795481	6.72437	-3.58344	-0.0371034	0.959605	0.000800455	0.00237893	-0.28134	0	0	0	2	0	2428.65	7.54889	img_PhysXCar__0_1645805795479397000.png
PhysXCar	1645805795529	7.02906	-3.77969	-0.037039	0.959605	0.000673603	0.00218121	-0.281342	0	0	0	0	0	2307.91	7.59612	img_PhysXCar__0_1645805795526708400.png
PhysXCar	1645805795580	7.35844	-3.99125	-0.0369242	0.959606	0.000519675	0.00180186	-0.281342	0	0	0	0	0	2266.29	7.59129	img_PhysXCar__0_1645805795578426600.png
PhysXCar	1645805795628	7.66594	-4.18844	-0.0368252	0.959606	0.000402201	0.00146933	-0.281343	0	0	0	0	0	2231.33	7.58627	img_PhysXCar__0_1645805795626569300.png
PhysXCar	1645805795683	8.01375	-4.41187	-0.036706	0.959606	0.000275971	0.00106434	-0.281344	0	0	0	1	0	2099.08	7.51782	img_PhysXCar__0_1645805795681386300.png
PhysXCar	1645805795731	8.315	-4.60531	-0.036581	0.959606	0.000151517	0.000634168	-0.281345	0	0	0	1	0	1971.28	7.42368	img_PhysXCar__0_1645805795729494600.png
PhysXCar	1645805795781	8.57062	-4.76875	-0.036489	0.959606	6.3144e-05	0.000316652	-0.281347	0	0	0	1	0	1842.64	7.30495	img_PhysXCar__0_1645805795780032200.png
PhysXCar	1645805795830	8.8675	-4.95937	-0.0363841	0.959605	-3.53993e-05	-4.59583e-05	-0.28135	0	0	0	1	0	1736.97	7.18473	img_PhysXCar__0_1645805795828902900.png
PhysXCar	1645805795879	9.21781	-5.18406	-0.036274	0.959604	-0.000136504	-0.000426762	-0.281353	0	0	0	1	0	1637.31	7.04727	img_PhysXCar__0_1645805795877473200.png
PhysXCar	1645805795929	9.47344	-5.34844	-0.0362074	0.959603	-0.0001963	-0.000656257	-0.281356	0	0	0	1	0	1559.98	6.92064	img_PhysXCar__0_1645805795927833300.png
PhysXCar	1645805795978	9.79656	-5.55562	-0.0361295	0.959602	-0.000266786	-0.000926718	-0.281359	0	0	0	1	0	1483.58	6.77361	img_PhysXCar__0_1645805795976327600.png
PhysXCar	1645805796029	10.0772	-5.73531	-0.0360711	0.959601	-0.000319038	-0.00112762	-0.281362	0	0	0	1	0	1419.15	6.62882	img_PhysXCar__0_1645805796026360200.png
PhysXCar	1645805796078	10.3516	-5.91094	-0.0360221	0.9596	-0.000363039	-0.00129646	-0.281365	0	0	0	1	0	1363.37	6.48449	img_PhysXCar__0_1645805796075994900.png
PhysXCar	1645805796131	10.6244	-6.08625	-0.0359797	0.959599	-0.000401674	-0.00144358	-0.281369	0	0	0	1	0	1311.49	6.33108	img_PhysXCar__0_1645805796128149300.png
PhysXCar	1645805796180	10.8941	-6.25969	-0.035944	0.959597	-0.000434332	-0.00156699	-0.281372	0	0	0	1	0	1266.08	6.17865	img_PhysXCar__0_1645805796178098200.png
PhysXCar	1645805796228	11.1441	-6.41937	-0.0359161	0.959596	-0.000460025	-0.00166319	-0.281375	0	0	0	1	0	1227.54	6.03383	img_PhysXCar__0_1645805796226170800.png
PhysXCar	1645805796277	11.3872	-6.575	-0.0358928	0.959595	-0.00048186	-0.001744	-0.281378	0	0	0	1	0	1192.3	5.88703	img_PhysXCar__0_1645805796275378800.png
PhysXCar	1645805796329	11.6409	-6.73781	-0.0358722	0.959594	-0.000501218	-0.00181485	-0.281381	0	0	0	1	0	1157.97	5.72925	img_PhysXCar__0_1645805796326509400.png
PhysXCar	1645805796379	11.845	-6.86812	-0.0358586	0.959593	-0.000513823	-0.00186059	-0.281384	0	0	0	1	0	1129.27	5.58509	img_PhysXCar__0_1645805796377968200.png
PhysXCar	1645805796428	12.1087	-7.03719	-0.0358443	0.959592	-0.000527779	-0.0019106	-0.281387	0	0	0	1	0	1100.9	5.43087	img_PhysXCar__0_1645805796426493300.png
PhysXCar	1645805796477	12.3366	-7.18313	-0.0358352	0.959603	-0.000544143	-0.00193941	-0.28135	1	0.5	0	1	0	1082.04	5.29119	img_PhysXCar__0_1645805796476558800.png
PhysXCar	1645805796528	12.5541	-7.31906	-0.0358303	0.959957	-0.000742413	-0.0018976	-0.280139	1	0.5	0	1	0	1138.34	5.1401	img_PhysXCar__0_1645805796526008600.png
PhysXCar	1645805796577	12.7725	-7.44719	-0.0358307	0.96105	-0.00124617	-0.0017471	-0.276367	1	0.5	0	1	0	1278.61	5.00748	img_PhysXCar__0_1645805796575800700.png
PhysXCar	1645805796628	12.9913	-7.56594	-0.0357803	0.962938	-0.00196964	-0.00150267	-0.269713	1	0.5	0	1	0	1505.19	4.8944	img_PhysXCar__0_1645805796626193300.png
PhysXCar	1645805796679	13.2172	-7.67531	-0.0358105	0.965636	-0.00286402	-0.00116387	-0.259881	1	0.5	0	1	0	1759.29	4.81305	img_PhysXCar__0_1645805796677780600.png
PhysXCar	1645805796729	13.4353	-7.7725	-0.0358599	0.968614	-0.00365697	-0.000785256	-0.248543	1	0.5	0	1	0	1971.89	4.78192	img_PhysXCar__0_1645805796727436900.png
PhysXCar	1645805796777	13.6528	-7.86156	-0.0359457	0.97155	-0.00422467	-0.000408542	-0.236798	1	0.5	0	1	0	2189.04	4.78959	img_PhysXCar__0_1645805796775707100.png
PhysXCar	1645805796829	13.8762	-7.94562	-0.0360354	0.974428	-0.00461259	-5.13818e-05	-0.224652	1	0.5	0	1	0	2379.29	4.82405	img_PhysXCar__0_1645805796826303400.png
PhysXCar	1645805796880	14.1194	-8.03062	-0.0361243	0.977368	-0.00487831	0.000287746	-0.21149	1	0.5	0	1	0	2571.06	4.88214	img_PhysXCar__0_1645805796878921700.png
PhysXCar	1645805796930	14.3547	-8.105	-0.0362105	0.980013	-0.00503771	0.000564427	-0.19887	1	0.5	0	1	0	2743.49	4.9531	img_PhysXCar__0_1645805796928346500.png
PhysXCar	1645805796980	14.5941	-8.175	-0.0363363	0.982525	-0.0051449	0.000812246	-0.186059	1	0.5	0	1	0	2903.47	5.03333	img_PhysXCar__0_1645805796978240700.png
PhysXCar	1645805797029	14.8372	-8.23938	-0.0364263	0.984874	-0.00522733	0.00101368	-0.173188	1	0.5	0	1	0	3057.89	5.12285	img_PhysXCar__0_1645805797026859100.png
PhysXCar	1645805797077	15.0891	-8.30062	-0.0364944	0.986991	-0.00517147	0.0011878	-0.160687	1	0	0	1	0	3208.06	5.23583	img_PhysXCar__0_1645805797076550600.png
PhysXCar	1645805797127	15.3416	-8.36562	-0.036558	0.98832	-0.0045308	0.00129131	-0.15232	1	0	0	1	0	3355.23	5.35038	img_PhysXCar__0_1645805797125414700.png
PhysXCar	1645805797180	15.6119	-8.44469	-0.0366145	0.988826	-0.0032958	0.00129669	-0.149036	1	0	0	1	0	3496.59	5.45849	img_PhysXCar__0_1645805797178340800.png
PhysXCar	1645805797230	15.8784	-8.52563	-0.0366676	0.988941	-0.0021788	0.00130599	-0.148288	1	0	0	1	0	3645.3	5.5862	img_PhysXCar__0_1645805797229174600.png
PhysXCar	1645805797279	16.1016	-8.59406	-0.0367054	0.988967	-0.00147207	0.00132588	-0.148122	1	0	0	1	0	3766.93	5.69647	img_PhysXCar__0_1645805797277506000.png
PhysXCar	1645805797330	16.4187	-8.69063	-0.0367517	0.988978	-0.000742253	0.00137713	-0.148055	1	0	0	1	0	3909.2	5.83085	img_PhysXCar__0_1645805797328369800.png
PhysXCar	1645805797379	16.6616	-8.76437	-0.0367789	0.988993	-0.000378903	0.00142	-0.147954	1	0.5	0	1	0	4029.1	5.94709	img_PhysXCar__0_1645805797378009700.png
PhysXCar	1645805797429	16.9897	-8.85938	-0.0368048	0.989322	-0.000374415	0.00151508	-0.145736	1	0.5	0	1	0	4156.92	6.0651	img_PhysXCar__0_1645805797427360400.png
PhysXCar	1645805797479	17.2422	-8.92531	-0.0368137	0.989939	-0.000762657	0.00160571	-0.141486	1	0.5	0	1	0	4285.98	6.17695	img_PhysXCar__0_1645805797477745300.png
PhysXCar	1645805797527	17.5825	-9.00125	-0.0368151	0.991249	-0.00171785	0.00173729	-0.131984	1	0.5	0	1	0	4415.85	6.28308	img_PhysXCar__0_1645805797525820600.png
PhysXCar	1645805797577	17.8953	-9.05812	-0.0368108	0.992788	-0.00286117	0.00184208	-0.119831	1	0.5	0	1	0	4542.38	6.38836	img_PhysXCar__0_1645805797576413700.png
PhysXCar	1645805797630	18.2297	-9.10625	-0.0368146	0.994463	-0.00404376	0.00194487	-0.104991	1	0.5	0	1	0	4669.55	6.51706	img_PhysXCar__0_1645805797628725300.png
PhysXCar	1645805797679	18.4934	-9.13656	-0.0368212	0.99566	-0.0048373	0.00199974	-0.0929136	0	0.5	0	1	0	4628.18	6.63427	img_PhysXCar__0_1645805797678121000.png
PhysXCar	1645805797730	18.8969	-9.17188	-0.0368254	0.99721	-0.00585595	0.00201173	-0.0743955	0	0.5	0	1	0	4248.57	6.76093	img_PhysXCar__0_1645805797728702200.png
PhysXCar	1645805797781	19.2394	-9.19094	-0.0368119	0.998248	-0.0065421	0.00192107	-0.0587817	0	0.5	0	1	0	3794.44	6.85533	img_PhysXCar__0_1645805797779452100.png
PhysXCar	1645805797830	19.5203	-9.19906	-0.036789	0.99891	-0.00699792	0.00178423	-0.0461037	0	0.5	0	1	0	3415.19	6.91717	img_PhysXCar__0_1645805797829550900.png
PhysXCar	1645805797880	19.9206	-9.19844	-0.036733	0.999575	-0.00753497	0.00148161	-0.0281347	0	0.5	0	1	0	3066.05	6.95053	img_PhysXCar__0_1645805797878233700.png
PhysXCar	1645805797928	20.2616	-9.18656	-0.0366701	0.999885	-0.00788515	0.00115151	-0.0129256	0	0.5	0	1	0	2779.14	6.95118	img_PhysXCar__0_1645805797926492200.png
PhysXCar	1645805797976	20.5884	-9.16594	-0.0365999	0.999965	-0.00814114	0.00078925	0.00161097	0	0.5	0	1	0	2538.96	6.92421	img_PhysXCar__0_1645805797974219900.png
PhysXCar	1645805798030	20.9572	-9.13156	-0.0365097	0.999804	-0.00834613	0.000333443	0.0179672	0	0.5	0	1	0	2306.22	6.86663	img_PhysXCar__0_1645805798028223600.png
PhysXCar	1645805798079	21.2972	-9.08813	-0.0364256	0.999414	-0.00846089	-9.63351e-05	0.0331545	0	0.5	0	1	0	2124.53	6.79352	img_PhysXCar__0_1645805798077916500.png
PhysXCar	1645805798131	21.6275	-9.03625	-0.036345	0.998813	-0.00850727	-0.000511591	0.0479505	0	0.5	0	1	0	1969.29	6.70558	img_PhysXCar__0_1645805798128099100.png
PhysXCar	1645805798180	21.9581	-8.97406	-0.0362672	0.997988	-0.00849342	-0.000917081	0.0628237	0	0.5	0	1	0	1830.62	6.6007	img_PhysXCar__0_1645805798178307000.png
PhysXCar	1645805798228	22.2334	-8.91437	-0.0362076	0.997121	-0.00843941	-0.00123435	0.0753464	0	0.5	0	1	0	1722.22	6.49844	img_PhysXCar__0_1645805798227229500.png
PhysXCar	1645805798277	22.5822	-8.8275	-0.0361329	0.995775	-0.00831381	-0.00162962	0.0914381	0	0.5	0	1	0	1614.85	6.37242	img_PhysXCar__0_1645805798276261600.png
PhysXCar	1645805798328	22.8878	-8.74094	-0.0360738	0.994362	-0.00815639	-0.00194857	0.105708	0	0.5	0	1	0	1524.67	6.24326	img_PhysXCar__0_1645805798326427700.png
PhysXCar	1645805798378	23.1812	-8.6475	-0.036022	0.992786	-0.00796527	-0.00223143	0.119611	0	0.5	0	1	0	1447.08	6.11044	img_PhysXCar__0_1645805798376703500.png
PhysXCar	1645805798429	23.4747	-8.54469	-0.0359745	0.990976	-0.00773547	-0.0024912	0.13379	0	0.5	0	1	0	1376.61	5.96791	img_PhysXCar__0_1645805798427823300.png
PhysXCar	1645805798479	23.7506	-8.43875	-0.0359351	0.98905	-0.00748731	-0.00271098	0.147367	1	0.5	0	1	0	1317.97	5.82745	img_PhysXCar__0_1645805798477712800.png
PhysXCar	1645805798528	23.9797	-8.34375	-0.0359075	0.987276	-0.00726275	-0.00286827	0.158823	1	0.5	0	1	0	1320.9	5.70182	img_PhysXCar__0_1645805798526978100.png
PhysXCar	1645805798578	24.2416	-8.22656	-0.0358839	0.985033	-0.00698834	-0.00301392	0.172199	1	0.5	0	1	0	1418.89	5.57061	img_PhysXCar__0_1645805798577124600.png
PhysXCar	1645805798629	24.5219	-8.09062	-0.0358778	0.98235	-0.00669118	-0.00309681	0.186906	1	0.5	0	1	0	1607.4	5.45379	img_PhysXCar__0_1645805798627994300.png
PhysXCar	1645805798678	24.7616	-7.96594	-0.0358965	0.979807	-0.00646004	-0.00307982	0.199817	1	0.5	0	1	0	1858.64	5.38162	img_PhysXCar__0_1645805798676929000.png
PhysXCar	1645805798729	25.0028	-7.83031	-0.0359411	0.976985	-0.00626296	-0.00297218	0.213194	1	0.5	0	1	0	2101.49	5.3456	img_PhysXCar__0_1645805798727917500.png
PhysXCar	1645805798776	25.1909	-7.71781	-0.0359905	0.974601	-0.00613098	-0.00283921	0.223848	1	0	0	1	0	2308.26	5.34522	img_PhysXCar__0_1645805798775733300.png
PhysXCar	1645805798827	25.4253	-7.57687	-0.0360768	0.972021	-0.00565777	-0.00247611	0.234814	1	0	0	1	0	2511.27	5.39014	img_PhysXCar__0_1645805798826521300.png
PhysXCar	1645805798879	25.6941	-7.425	-0.0361839	0.970587	-0.00439126	-0.00180544	0.240703	1	0	0	1	0	2711.53	5.44317	img_PhysXCar__0_1645805798877697400.png
PhysXCar	1645805798928	25.9384	-7.29344	-0.0362765	0.970288	-0.00312551	-0.00117953	0.241931	1	0	0	1	0	2886.22	5.50759	img_PhysXCar__0_1645805798927420200.png
PhysXCar	1645805798979	26.1825	-7.16344	-0.0363618	0.970223	-0.00215272	-0.000646934	0.242203	1	0	0	1	0	3053.25	5.58494	img_PhysXCar__0_1645805798978292100.png
PhysXCar	1645805799030	26.4359	-7.02812	-0.0364408	0.970208	-0.0014297	-0.000192917	0.24227	1	0	0	1	0	3213.59	5.67193	img_PhysXCar__0_1645805799028089800.png
PhysXCar	1645805799079	26.685	-6.895	-0.0365068	0.970203	-0.000939421	0.000164173	0.24229	1	0	0	1	0	3365.07	5.76499	img_PhysXCar__0_1645805799077538100.png
PhysXCar	1645805799127	26.9325	-6.76187	-0.036563	0.970201	-0.000614513	0.000449211	0.242299	1	0	0	1	0	3507.55	5.86081	img_PhysXCar__0_1645805799125585800.png
PhysXCar	1645805799179	27.1669	-6.61656	-0.0366169	0.970199	-0.000389033	0.000702606	0.242306	1	0	0	1	0	3648.61	5.96366	img_PhysXCar__0_1645805799177572900.png
PhysXCar	1645805799227	27.4225	-6.50062	-0.0366531	0.970198	-0.000278899	0.000862812	0.242311	1	0	0	1	0	3783.87	6.06903	img_PhysXCar__0_1645805799226128000.png
PhysXCar	1645805799278	27.7372	-6.3325	-0.0366998	0.970196	-0.000196617	0.00105747	0.242317	1	0	0	1	0	3934.05	6.19348	img_PhysXCar__0_1645805799277511000.png
PhysXCar	1645805799329	28.0084	-6.1875	-0.0367332	0.970195	-0.000171594	0.00118715	0.242322	0	0	0	1	0	4057.04	6.30936	img_PhysXCar__0_1645805799327046700.png
PhysXCar	1645805799378	28.2578	-6.055	-0.0367579	0.970194	-0.000170443	0.00127953	0.242325	0	0	0	1	0	3980.39	6.41958	img_PhysXCar__0_1645805799376848600.png
PhysXCar	1645805799428	28.5772	-5.885	-0.0367773	0.970193	-0.000180963	0.00135001	0.24233	0	0	0	1	0	3646.82	6.52028	img_PhysXCar__0_1645805799426517000.png
PhysXCar	1645805799478	28.865	-5.73187	-0.0367731	0.970192	-0.000184037	0.00133486	0.242333	0	0	0	1	0	3236.88	6.60034	img_PhysXCar__0_1645805799476405500.png
PhysXCar	1645805799530	29.1637	-5.57219	-0.0367455	0.970192	-0.000173321	0.00123746	0.242335	0	0	0	1	0	2905.99	6.64165	img_PhysXCar__0_1645805799528057000.png
PhysXCar	1645805799579	29.4134	-5.43875	-0.0367082	0.970192	-0.000153595	0.00110483	0.242336	0	0	0	1	0	2641.9	6.65026	img_PhysXCar__0_1645805799577562500.png
PhysXCar	1645805799629	29.7478	-5.26031	-0.0366368	0.970192	-0.000109258	0.00085327	0.242336	0	0	0	1	0	2389.43	6.62683	img_PhysXCar__0_1645805799628051700.png
PhysXCar	1645805799680	30.0525	-5.09812	-0.0365585	0.970192	-5.64551e-05	0.000579001	0.242336	0	0	0	1	0	2181.14	6.57687	img_PhysXCar__0_1645805799679383600.png
PhysXCar	1645805799732	30.3378	-4.94625	-0.0364832	0.970193	-3.11878e-06	0.000313711	0.242335	0	0	0	1	0	2011.73	6.5094	img_PhysXCar__0_1645805799728980000.png
PhysXCar	1645805799781	30.6281	-4.79219	-0.0364079	0.970193	5.19767e-05	4.87997e-05	0.242333	0	0	0	1	0	1863.13	6.42434	img_PhysXCar__0_1645805799779392400.png
PhysXCar	1645805799830	30.9031	-4.64594	-0.0363395	0.970194	0.000103203	-0.000190476	0.242331	0	0	0	1	0	1740.35	6.33043	img_PhysXCar__0_1645805799828689800.png
PhysXCar	1645805799878	31.1716	-4.50312	-0.0362778	0.970194	0.000150359	-0.000405765	0.242329	0	0	0	1	0	1641.78	6.23525	img_PhysXCar__0_1645805799876704800.png
PhysXCar	1645805799928	31.4422	-4.35969	-0.0362177	0.970194	0.00019759	-0.000615751	0.242327	0	0	0	1	0	1540.86	6.11445	img_PhysXCar__0_1645805799927088600.png
PhysXCar	1645805799978	31.7103	-4.21688	-0.0361622	0.970195	0.000242205	-0.000810171	0.242325	0	0	0	1	0	1457.82	5.99277	img_PhysXCar__0_1645805799976969400.png
PhysXCar	1645805800028	31.9356	-4.09656	-0.0361201	0.970195	0.000276248	-0.000956487	0.242323	0	0	0	1	0	1391.33	5.87656	img_PhysXCar__0_1645805800026970100.png
PhysXCar	1645805800079	32.2297	-3.93937	-0.036069	0.970196	0.000318367	-0.00113457	0.24232	0	0	0	1	0	1323.38	5.73677	img_PhysXCar__0_1645805800077101400.png
PhysXCar	1645805800128	32.4725	-3.81	-0.0360323	0.970196	0.000348941	-0.00126228	0.242317	0	0	0	1	0	1269.89	5.60826	img_PhysXCar__0_1645805800125997500.png
PhysXCar	1645805800179	32.7284	-3.67406	-0.0359982	0.970197	0.000377754	-0.00138133	0.242315	0	0	0	1	0	1219.43	5.46894	img_PhysXCar__0_1645805800177761500.png
PhysXCar	1645805800227	32.9331	-3.56531	-0.0359753	0.970197	0.000397123	-0.00146079	0.242312	1	0	0	1	0	1197.11	5.34551	img_PhysXCar__0_1645805800226571600.png
PhysXCar	1645805800277	33.1891	-3.42844	-0.035953	0.970198	0.000415935	-0.00153755	0.24231	1	0	0	1	0	1259.22	5.2197	img_PhysXCar__0_1645805800275796800.png
PhysXCar	1645805800327	33.3919	-3.32094	-0.0359473	0.970198	0.000420474	-0.0015562	0.242308	1	0	0	1	0	1413.26	5.10815	img_PhysXCar__0_1645805800326573300.png
PhysXCar	1645805800378	33.6128	-3.20312	-0.0359597	0.970199	0.000409735	-0.0015136	0.242306	1	0	0	1	0	1650.17	5.0279	img_PhysXCar__0_1645805800376608600.png
PhysXCar	1645805800429	33.8638	-3.07	-0.0359612	0.970199	0.000371663	-0.00136117	0.242305	1	0	0	1	0	1905.38	4.98587	img_PhysXCar__0_1645805800427297600.png
PhysXCar	1645805800479	34.0831	-2.95344	-0.0360131	0.970199	0.000318263	-0.00114719	0.242305	1	0	0	1	0	2126.43	4.98372	img_PhysXCar__0_1645805800477714000.png
PhysXCar	1645805800526	34.2747	-2.85156	-0.0361044	0.9702	0.000261655	-0.000920322	0.242305	1	0	0	1	0	2308.3	5.00708	img_PhysXCar__0_1645805800525693900.png
PhysXCar	1645805800579	34.5316	-2.71438	-0.0362331	0.9702	0.00017643	-0.000578769	0.242306	1	0	0	1	0	2511.53	5.05826	img_PhysXCar__0_1645805800577316000.png
PhysXCar	1645805800627	34.7209	-2.61281	-0.0363026	0.9702	0.000118669	-0.000347269	0.242306	1	0	0	1	0	2673.59	5.11694	img_PhysXCar__0_1645805800626440900.png
PhysXCar	1645805800680	34.9853	-2.47187	-0.0363908	0.970199	4.12869e-05	-3.71782e-05	0.242308	1	0	0	1	0	2855.99	5.20033	img_PhysXCar__0_1645805800678704100.png
PhysXCar	1645805800728	35.1834	-2.35031	-0.0364585	0.970199	-1.81843e-05	0.000201083	0.242309	1	0	0	1	0	3003.59	5.28033	img_PhysXCar__0_1645805800727240400.png
PhysXCar	1645805800779	35.4509	-2.22375	-0.0365214	0.970199	-7.34506e-05	0.000422455	0.242311	1	0	0	1	0	3166.38	5.38032	img_PhysXCar__0_1645805800777264400.png
PhysXCar	1645805800827	35.6841	-2.1	-0.0365749	0.970198	-0.0001204	0.000610456	0.242313	1	0	0	1	0	3313.29	5.48048	img_PhysXCar__0_1645805800825978200.png
PhysXCar	1645805800877	35.8988	-1.98531	-0.036618	0.970197	-0.00015832	0.000762254	0.242314	1	0	0	1	0	3451.45	5.58256	img_PhysXCar__0_1645805800876168100.png
PhysXCar	1645805800930	36.1812	-1.83437	-0.036669	0.970197	-0.000203343	0.000942381	0.242317	1	0	0	1	0	3601.91	5.70165	img_PhysXCar__0_1645805800927645100.png
PhysXCar	1645805800979	36.4028	-1.71687	-0.036702	0.970196	-0.000232164	0.00105762	0.242319	1	0	0	1	0	3732.92	5.81177	img_PhysXCar__0_1645805800977442200.png
PhysXCar	1645805801027	36.6897	-1.56375	-0.0367406	0.970195	-0.000265978	0.00119275	0.242322	1	0	0	1	0	3872.21	5.93507	img_PhysXCar__0_1645805801026386100.png
PhysXCar	1645805801077	36.9544	-1.4225	-0.0367699	0.970194	-0.000291733	0.00129561	0.242324	0	0	0	1	0	3976.64	6.05698	img_PhysXCar__0_1645805801075753400.png
PhysXCar	1645805801128	37.1959	-1.29406	-0.0367908	0.970194	-0.000310295	0.00136968	0.242327	0	0	0	1	0	3850.31	6.16994	img_PhysXCar__0_1645805801126822800.png
PhysXCar	1645805801178	37.5025	-1.13094	-0.0368036	0.970193	-0.000321683	0.00141494	0.24233	0	0	0	1	0	3485.04	6.27184	img_PhysXCar__0_1645805801176741200.png
PhysXCar	1645805801228	37.7816	-0.981875	-0.0367932	0.970192	-0.000312837	0.00137924	0.242332	0	0	0	1	0	3093.53	6.3493	img_PhysXCar__0_1645805801226897600.png
PhysXCar	1645805801278	38.065	-0.830312	-0.0367602	0.970192	-0.000284637	0.00126612	0.242333	0	0	0	1	0	2775.56	6.38943	img_PhysXCar__0_1645805801277241400.png
PhysXCar	1645805801327	38.3366	-0.685313	-0.036711	0.970192	-0.000242048	0.00109546	0.242334	0	0	0	1	0	2514.29	6.3957	img_PhysXCar__0_1645805801325866800.png
PhysXCar	1645805801377	38.6144	-0.53625	-0.0366467	0.970192	-0.000186244	0.000871946	0.242334	0	0	0	1	0	2293.43	6.37217	img_PhysXCar__0_1645805801375544100.png
PhysXCar	1645805801428	38.9003	-0.384687	-0.0365712	0.970193	-0.00012075	0.000609755	0.242334	0	0	0	1	0	2096.79	6.32283	img_PhysXCar__0_1645805801425858300.png
PhysXCar	1645805801478	39.1822	-0.23375	-0.0364928	0.970193	-5.27946e-05	0.000337796	0.242333	0	0	0	1	0	1933.93	6.25528	img_PhysXCar__0_1645805801476880100.png
PhysXCar	1645805801527	39.4509	-0.09125	-0.0364188	0.970194	1.14828e-05	8.06459e-05	0.242332	0	0	0	1	0	1796.66	6.17391	img_PhysXCar__0_1645805801525543500.png
PhysXCar	1645805801578	39.7272	0.0559375	-0.0363462	0.970194	7.48854e-05	-0.000172914	0.24233	0	0	0	1	0	1674.27	6.07705	img_PhysXCar__0_1645805801576611800.png
PhysXCar	1645805801626	39.9547	0.1775	-0.0362904	0.970194	0.000123296	-0.000366448	0.242328	0.0324254	0	0	1	0	1582.65	5.981	img_PhysXCar__0_1645805801625600800.png
PhysXCar	1645805801678	40.255	0.3375	-0.0362206	0.970195	0.000183849	-0.000608493	0.242326	0.0324254	0	0	1	0	1496.48	5.86238	img_PhysXCar__0_1645805801676649800.png
PhysXCar	1645805801727	40.5109	0.473437	-0.0361681	0.970195	0.000229477	-0.000790865	0.242324	0.0324254	0	0	1	0	1427.6	5.74808	img_PhysXCar__0_1645805801726461200.png
PhysXCar	1645805801777	40.7262	0.588437	-0.0361295	0.970195	0.000262967	-0.000924724	0.242322	0.0324254	0	0	1	0	1370.02	5.63605	img_PhysXCar__0_1645805801776440600.png
PhysXCar	1645805801826	40.9694	0.717812	-0.0360892	0.970196	0.000297934	-0.00106448	0.24232	0.0324254	0	0	1	0	1316.9	5.5165	img_PhysXCar__0_1645805801825608500.png
PhysXCar	1645805801878	41.2463	0.865625	-0.0360485	0.970196	0.000333413	-0.00120632	0.242317	0.0324254	0	0	1	0	1264.84	5.38124	img_PhysXCar__0_1645805801876690600.png
PhysXCar	1645805801927	41.4784	0.989062	-0.03602	0.970197	0.00035808	-0.00130497	0.242315	1	0	0	1	0	1262.77	5.2595	img_PhysXCar__0_1645805801925877900.png
PhysXCar	1645805801978	41.7137	1.11437	-0.0360001	0.970197	0.000375265	-0.00137372	0.242313	1	0	0	1	0	1359.41	5.14176	img_PhysXCar__0_1645805801976960700.png
PhysXCar	1645805802029	41.9397	1.23375	-0.035998	0.970198	0.000377075	-0.00138095	0.242311	1	0	0	1	0	1544.72	5.04951	img_PhysXCar__0_1645805802027538900.png
PhysXCar	1645805802080	42.1666	1.355	-0.0359747	0.970198	0.000358284	-0.00130572	0.242309	1	0	0	1	0	1796.33	4.99161	img_PhysXCar__0_1645805802078894800.png
PhysXCar	1645805802129	42.3775	1.4675	-0.0359913	0.970198	0.000320621	-0.0011549	0.242309	1	0	0	1	0	2018.26	4.97351	img_PhysXCar__0_1645805802127475800.png
PhysXCar	1645805802178	42.5978	1.58438	-0.0360603	0.970199	0.000264545	-0.000930351	0.242309	1	0	0	1	0	2224.81	4.98723	img_PhysXCar__0_1645805802176599600.png
PhysXCar	1645805802227	42.8159	1.70062	-0.0361964	0.970199	0.000197955	-0.000663703	0.242309	1	0	0	1	0	2412.31	5.02398	img_PhysXCar__0_1645805802225876100.png
PhysXCar	1645805802278	43.0475	1.82437	-0.0362954	0.970199	0.000126845	-0.000378955	0.24231	1	0	0	1	0	2589.78	5.08274	img_PhysXCar__0_1645805802277451100.png
PhysXCar	1645805802327	43.2647	1.94031	-0.0363683	0.970199	6.45111e-05	-0.000129367	0.242311	1	0	0	1	0	2767.5	5.15251	img_PhysXCar__0_1645805802325821100.png
PhysXCar	1645805802380	43.5072	2.06969	-0.0364415	0.970198	-2.4492e-07	0.000129875	0.242313	1	0	0	1	0	2936.07	5.23734	img_PhysXCar__0_1645805802378523800.png
PhysXCar	1645805802429	43.7378	2.19281	-0.0365034	0.970198	-5.52859e-05	0.000350198	0.242314	1	0	0	1	0	3092.77	5.32883	img_PhysXCar__0_1645805802428195500.png
PhysXCar	1645805802482	43.9888	2.32656	-0.0365649	0.970197	-0.000109923	0.000568839	0.242316	1	0	0	1	0	3252.52	5.43334	img_PhysXCar__0_1645805802480688400.png
PhysXCar	1645805802532	44.2284	2.45531	-0.0366141	0.970197	-0.000153575	0.000743472	0.242318	1	0	0	1	0	3399.05	5.53853	img_PhysXCar__0_1645805802530897200.png
PhysXCar	1645805802581	44.4266	2.56125	-0.0366482	0.970196	-0.000183704	0.000863979	0.24232	1	0	0	1	0	3532.64	5.64163	img_PhysXCar__0_1645805802580298400.png
PhysXCar	1645805802632	44.7247	2.71937	-0.0366972	0.970195	-0.000227051	0.00103728	0.242322	1	0	0	1	0	3678.68	5.76142	img_PhysXCar__0_1645805802630237300.png
PhysXCar	1645805802678	44.965	2.8475	-0.0367288	0.970194	-0.000255083	0.00114927	0.242325	1	0	0	1	0	3805.31	5.87105	img_PhysXCar__0_1645805802677014400.png
PhysXCar	1645805802727	45.22	2.98406	-0.0367582	0.970194	-0.000281143	0.00125335	0.242327	0.255963	0	0	1	0	3926.58	5.98864	img_PhysXCar__0_1645805802725780900.png
PhysXCar	1645805802777	45.4894	3.12781	-0.0367841	0.970193	-0.000303961	0.00134441	0.24233	0.255963	0	0	1	0	3845.69	6.10863	img_PhysXCar__0_1645805802775840400.png
PhysXCar	1645805802827	45.7541	3.26844	-0.036798	0.970192	-0.000316323	0.00139361	0.242332	0.255963	0	0	1	0	3576.56	6.21307	img_PhysXCar__0_1645805802825002200.png
PhysXCar	1645805802877	46.0362	3.41844	-0.0367957	0.970192	-0.000314875	0.00138752	0.242335	0.255963	0	0	1	0	3322.65	6.29974	img_PhysXCar__0_1645805802875739600.png
PhysXCar	1645805802927	46.2791	3.54844	-0.0367821	0.970191	-0.00030317	0.00134043	0.242336	0.255963	0	0	1	0	3114.38	6.36119	img_PhysXCar__0_1645805802925742800.png
PhysXCar	1645805802979	46.6012	3.72	-0.0367481	0.970191	-0.000273956	0.00122326	0.242338	0.255963	0	0	1	0	2901.14	6.41033	img_PhysXCar__0_1645805802976926700.png
PhysXCar	1645805803030	46.8875	3.87156	-0.036708	0.970191	-0.000239244	0.00108418	0.242339	0	0	0	1	0	2684.57	6.43342	img_PhysXCar__0_1645805803027845500.png
PhysXCar	1645805803077	47.1662	4.01969	-0.036657	0.970191	-0.000195228	0.000907915	0.242339	0	0	0	1	0	2437.37	6.42741	img_PhysXCar__0_1645805803076111900.png
PhysXCar	1645805803129	47.4525	4.1725	-0.0365919	0.970191	-0.000138625	0.000681287	0.242339	0	0	0	1	0	2221.68	6.39259	img_PhysXCar__0_1645805803127422700.png
PhysXCar	1645805803178	47.7306	4.32094	-0.0365205	0.970192	-7.65976e-05	0.000433036	0.242339	0	0	0	1	0	2043.77	6.33707	img_PhysXCar__0_1645805803176542200.png
PhysXCar	1645805803229	48.0044	4.46688	-0.0364489	0.970192	-1.44898e-05	0.000184559	0.242338	0	0	0	1	0	1887.68	6.26227	img_PhysXCar__0_1645805803226742000.png
PhysXCar	1645805803278	48.2869	4.61781	-0.0363751	0.970192	4.9634e-05	-7.18924e-05	0.242336	0	0	0	1	0	1753.96	6.17317	img_PhysXCar__0_1645805803277233600.png
PhysXCar	1645805803328	48.5484	4.75656	-0.0363109	0.970193	0.000105399	-0.00029486	0.242334	0	0	0	1	0	1643.23	6.07622	img_PhysXCar__0_1645805803326331400.png
PhysXCar	1645805803376	48.8156	4.89906	-0.0362476	0.970193	0.000160522	-0.000515224	0.242332	0	0	0	1	0	1545.84	5.96915	img_PhysXCar__0_1645805803375624200.png
PhysXCar	1645805803428	49.0422	5.01969	-0.0361993	0.970194	0.000202472	-0.00068291	0.242331	0	0	0	1	0	1464.21	5.85933	img_PhysXCar__0_1645805803426560400.png
PhysXCar	1645805803479	49.3412	5.17969	-0.0361375	0.970194	0.000255967	-0.000896738	0.242328	0	0	0	1	0	1382.97	5.72693	img_PhysXCar__0_1645805803477959400.png
PhysXCar	1645805803528	49.5834	5.30781	-0.0360944	0.970194	0.000293533	-0.0010469	0.242326	0	0	0	1	0	1319.71	5.60375	img_PhysXCar__0_1645805803526515900.png
PhysXCar	1645805803578	49.835	5.44219	-0.0360534	0.970195	0.00032907	-0.00118897	0.242323	1	0	0	1	0	1265.9	5.47407	img_PhysXCar__0_1645805803577429900.png
PhysXCar	1645805803627	50.0644	5.56406	-0.036023	0.970195	0.000355573	-0.00129497	0.242321	1	0	0	1	0	1284.69	5.35211	img_PhysXCar__0_1645805803625540100.png
PhysXCar	1645805803679	50.3075	5.69312	-0.0360022	0.970196	0.00037365	-0.00136725	0.242319	1	0	0	1	0	1402.18	5.23468	img_PhysXCar__0_1645805803677596800.png
PhysXCar	1645805803727	50.5241	5.80875	-0.0360009	0.970196	0.000374705	-0.00137141	0.242317	1	0	0	1	0	1599.39	5.14792	img_PhysXCar__0_1645805803725523500.png
PhysXCar	1645805803779	50.7587	5.93281	-0.036025	0.970197	0.000353486	-0.0012864	0.242315	1	0	0	1	0	1853.26	5.093	img_PhysXCar__0_1645805803777806700.png
PhysXCar	1645805803826	50.9472	6.04875	-0.0360708	0.970197	0.000313608	-0.00112667	0.242315	1	0	0	1	0	2058.98	5.07686	img_PhysXCar__0_1645805803825466500.png
PhysXCar	1645805803880	51.2159	6.1775	-0.036143	0.970197	0.000251151	-0.000876561	0.242315	1	0	0	1	0	2292.6	5.09348	img_PhysXCar__0_1645805803878756600.png
PhysXCar	1645805803929	51.4325	6.29219	-0.0362142	0.970197	0.000189467	-0.000629576	0.242316	1	0	0	1	0	2477.95	5.13214	img_PhysXCar__0_1645805803926816600.png
PhysXCar	1645805803979	51.6656	6.41594	-0.0362934	0.970197	0.000120936	-0.00035518	0.242316	1	0	0	1	0	2659.32	5.19034	img_PhysXCar__0_1645805803977777200.png
PhysXCar	1645805804029	51.8925	6.5375	-0.0363661	0.970197	5.78138e-05	-0.000102472	0.242318	1	0	0	1	0	2829.8	5.26201	img_PhysXCar__0_1645805804027728700.png
PhysXCar	1645805804079	52.1269	6.66219	-0.0364362	0.970197	-2.8437e-06	0.000140346	0.242319	1	0	0	1	0	2991.21	5.34378	img_PhysXCar__0_1645805804077569500.png
PhysXCar	1645805804128	52.3597	6.78625	-0.0364977	0.970196	-5.62775e-05	0.000354189	0.24232	1	0	0	1	0	3144.17	5.43289	img_PhysXCar__0_1645805804126688500.png
PhysXCar	1645805804178	52.6066	6.91719	-0.0365561	0.970196	-0.000106816	0.000556407	0.242322	1	0	0	1	0	3296.71	5.53207	img_PhysXCar__0_1645805804176893400.png
PhysXCar	1645805804227	52.8438	7.04344	-0.0366052	0.970195	-0.000149275	0.000726239	0.242324	1	0	0	1	0	3440.95	5.63468	img_PhysXCar__0_1645805804225658600.png
PhysXCar	1645805804277	53.0994	7.17906	-0.0366516	0.970194	-0.000189755	0.000888087	0.242326	1	0	0	1	0	3583.33	5.7439	img_PhysXCar__0_1645805804275827900.png
PhysXCar	1645805804329	53.3591	7.31812	-0.0366917	0.970194	-0.00022478	0.00102807	0.242329	1	0	0	1	0	3727.5	5.86169	img_PhysXCar__0_1645805804327012800.png
PhysXCar	1645805804378	53.6178	7.45563	-0.0367268	0.970193	-0.000255115	0.00114927	0.242331	1	0	0	1	0	3862.3	5.97788	img_PhysXCar__0_1645805804376920800.png
PhysXCar	1645805804431	53.8978	7.605	-0.036759	0.970196	-0.00028039	0.00126152	0.24232	0	-0.5	0	1	0	3990.19	6.10197	img_PhysXCar__0_1645805804429657700.png
PhysXCar	1645805804479	54.1672	7.74531	-0.036782	0.970439	-0.000140216	0.00138093	0.241342	0	-0.5	0	1	0	3910.36	6.21225	img_PhysXCar__0_1645805804477859100.png
PhysXCar	1645805804528	54.4403	7.88094	-0.0367893	0.97132	0.000350573	0.0015204	0.237769	0	-0.5	0	1	0	3577.54	6.30039	img_PhysXCar__0_1645805804526739600.png
PhysXCar	1645805804578	54.7281	8.0125	-0.0367731	0.972999	0.00120986	0.00164699	0.230801	0	-0.5	0	1	0	3203.17	6.35404	img_PhysXCar__0_1645805804576727200.png
PhysXCar	1645805804628	55.0172	8.13156	-0.0367339	0.97535	0.00231961	0.00171965	0.220643	0	-0.5	0	1	0	2881.19	6.37057	img_PhysXCar__0_1645805804626560900.png
PhysXCar	1645805804678	55.325	8.245	-0.0366769	0.978287	0.00357995	0.00172235	0.207218	0	-0.5	0	1	0	2594.94	6.36692	img_PhysXCar__0_1645805804677500900.png
PhysXCar	1645805804731	55.6297	8.34688	-0.0366141	0.981181	0.00464121	0.00163395	0.193027	0	-0.5	0	1	0	2348.69	6.33956	img_PhysXCar__0_1645805804728240200.png
PhysXCar	1645805804779	55.9362	8.43937	-0.0365424	0.983912	0.00549601	0.00144984	0.178564	0	-0.5	0	1	0	2152.56	6.29068	img_PhysXCar__0_1645805804778233700.png
PhysXCar	1645805804828	56.2306	8.51781	-0.0364704	0.986321	0.00612623	0.00121054	0.164716	0	-0.5	0	1	0	1984.64	6.22348	img_PhysXCar__0_1645805804826867800.png
PhysXCar	1645805804878	56.5328	8.58906	-0.036394	0.988586	0.00661238	0.000917252	0.150511	0	-0.5	0	1	0	1838.76	6.14069	img_PhysXCar__0_1645805804876923200.png
PhysXCar	1645805804927	56.7841	8.64281	-0.0363356	0.990306	0.00689857	0.000666841	0.138729	0	-0.5	0	1	0	1721.71	6.05201	img_PhysXCar__0_1645805804926160300.png
PhysXCar	1645805804977	57.1237	8.70375	-0.0362549	0.992406	0.00715064	0.000296031	0.122798	0	-0.5	0	1	0	1611.12	5.9366	img_PhysXCar__0_1645805804976001300.png
PhysXCar	1645805805029	57.4228	8.74781	-0.0361898	0.994046	0.00725428	-2.74711e-05	0.108719	1	-0.5	0	1	0	1537.59	5.81899	img_PhysXCar__0_1645805805027620600.png
PhysXCar	1645805805079	57.7134	8.78281	-0.0361382	0.995457	0.00726738	-0.000310715	0.0949322	1	-0.5	0	1	0	1576.69	5.71569	img_PhysXCar__0_1645805805077969700.png
PhysXCar	1645805805130	57.9519	8.80437	-0.0361084	0.996477	0.00722861	-0.000502722	0.0835568	1	-0.5	0	1	0	1716.74	5.61779	img_PhysXCar__0_1645805805128682600.png
PhysXCar	1645805805181	58.2769	8.82406	-0.0360926	0.997668	0.00712434	-0.000679311	0.0678812	1	-0.5	0	1	0	1964.37	5.54307	img_PhysXCar__0_1645805805179030900.png
PhysXCar	1645805805230	58.5075	8.83125	-0.0361034	0.998372	0.00703299	-0.000725167	0.0565919	1	-0.5	0	1	0	2179.2	5.5102	img_PhysXCar__0_1645805805228423300.png
PhysXCar	1645805805280	58.8312	8.83219	-0.036148	0.999149	0.00689669	-0.000682882	0.040662	1	-0.5	0	1	0	2409.81	5.50593	img_PhysXCar__0_1645805805279415100.png
PhysXCar	1645805805328	59.0934	8.82562	-0.0361979	0.999594	0.00679506	-0.000596834	0.0276648	1	-0.5	0	1	0	2596.45	5.52702	img_PhysXCar__0_1645805805326203600.png
PhysXCar	1645805805378	59.3737	8.81	-0.0362596	0.999884	0.00670282	-0.00047203	0.0136995	1	-0.5	0	1	0	2781.92	5.56869	img_PhysXCar__0_1645805805376463400.png
PhysXCar	1645805805427	59.6544	8.78719	-0.0363216	0.999978	0.0066359	-0.000344615	-0.000283476	1	-0.5	0	1	0	2958.15	5.62634	img_PhysXCar__0_1645805805426350800.png
PhysXCar	1645805805481	59.9512	8.75406	-0.0363895	0.999864	0.0065966	-0.000201055	-0.0151318	1	-0.5	0	1	0	3136.11	5.70094	img_PhysXCar__0_1645805805479797600.png
PhysXCar	1645805805531	60.2475	8.7125	-0.03645	0.999531	0.00659192	-8.36769e-05	-0.029895	1	-0.5	0	1	0	3292.17	5.77901	img_PhysXCar__0_1645805805530594500.png
PhysXCar	1645805805582	60.5334	8.66562	-0.0365067	0.999026	0.0065295	3.6261e-05	-0.0436456	1	0	0	1	0	3455.41	5.8851	img_PhysXCar__0_1645805805580474100.png
PhysXCar	1645805805631	60.7669	8.62781	-0.0365498	0.998616	0.00612744	0.000171817	-0.0522404	1	0	0	1	0	3597.6	5.98937	img_PhysXCar__0_1645805805629919900.png
PhysXCar	1645805805679	61.1091	8.58062	-0.0366045	0.998304	0.00480959	0.000438007	-0.0580226	1	0	0	1	0	3746.22	6.09286	img_PhysXCar__0_1645805805677913900.png
PhysXCar	1645805805729	61.4119	8.5425	-0.0366493	0.998231	0.00358514	0.000667271	-0.0593505	1	0	0	1	0	3885.3	6.2024	img_PhysXCar__0_1645805805727520600.png
PhysXCar	1645805805779	61.67	8.51125	-0.0366838	0.998213	0.00274233	0.000839066	-0.0596833	1	0	0	1	0	4011.68	6.30806	img_PhysXCar__0_1645805805777371800.png
PhysXCar	1645805805828	62.0362	8.4675	-0.0367286	0.998208	0.0018184	0.001055	-0.0598109	1	0	0	1	0	4144.52	6.42464	img_PhysXCar__0_1645805805827165100.png
PhysXCar	1645805805880	62.365	8.42719	-0.0367597	0.998206	0.00124405	0.00120319	-0.059841	0	0	0	1	0	4205.41	6.55416	img_PhysXCar__0_1645805805878714300.png
PhysXCar	1645805805928	62.6847	8.38844	-0.036782	0.998206	0.000842235	0.00131021	-0.0598509	0	0	0	1	0	3976.6	6.66441	img_PhysXCar__0_1645805805926664400.png
PhysXCar	1645805805979	63.0194	8.34812	-0.0367883	0.998206	0.000546655	0.0013545	-0.0598551	0	0	0	1	0	3562.9	6.75591	img_PhysXCar__0_1645805805977352000.png
PhysXCar	1645805806030	63.3709	8.30531	-0.0367713	0.998206	0.000332076	0.001311	-0.0598569	0	0	0	1	0	3182.75	6.81836	img_PhysXCar__0_1645805806029145900.png
PhysXCar	1645805806079	63.6534	8.27156	-0.0367426	0.998206	0.000212222	0.00121805	-0.0598573	0	0	0	1	0	2889.64	6.84489	img_PhysXCar__0_1645805806078079900.png
PhysXCar	1645805806128	64.0344	8.22531	-0.0366813	0.998206	0.000100668	0.00100679	-0.0598574	0	0	0	1	0	2605.87	6.84136	img_PhysXCar__0_1645805806126744200.png
PhysXCar	1645805806178	64.3312	8.18937	-0.0366242	0.998207	4.38424e-05	0.000806763	-0.0598579	0	0	0	1	0	2388.16	6.81004	img_PhysXCar__0_1645805806177305400.png
PhysXCar	1645805806226	64.7028	8.14469	-0.03654	0.998207	-3.68626e-06	0.000508009	-0.0598587	0	0	0	1	0	2187.51	6.75355	img_PhysXCar__0_1645805806225440800.png
PhysXCar	1645805806280	65.0512	8.10187	-0.0364594	0.998207	-3.04282e-05	0.000222221	-0.0598603	0	0	0	1	0	2010.29	6.67476	img_PhysXCar__0_1645805806278484200.png
PhysXCar	1645805806328	65.3291	8.06844	-0.0363984	0.998207	-4.35262e-05	3.80446e-06	-0.0598617	0	0	0	1	0	1878.82	6.59363	img_PhysXCar__0_1645805806326915400.png
PhysXCar	1645805806381	65.7091	8.02219	-0.0363148	0.998206	-5.4325e-05	-0.000296376	-0.0598641	0	0	0	1	0	1741.83	6.48225	img_PhysXCar__0_1645805806379389200.png
PhysXCar	1645805806429	66.0234	7.98469	-0.0362502	0.998206	-5.93551e-05	-0.000527039	-0.0598662	0	0	0	1	0	1638.02	6.37442	img_PhysXCar__0_1645805806428227200.png
PhysXCar	1645805806478	66.3262	7.94812	-0.0361933	0.998206	-6.19867e-05	-0.000731035	-0.0598686	0	0	0	1	0	1548.29	6.26031	img_PhysXCar__0_1645805806477306500.png
PhysXCar	1645805806529	66.6434	7.90969	-0.0361382	0.998206	-6.39362e-05	-0.000928086	-0.0598712	0	0	0	1	0	1465.19	6.13268	img_PhysXCar__0_1645805806527598400.png
PhysXCar	1645805806578	66.9303	7.87469	-0.0360912	0.998205	-6.5758e-05	-0.0010963	-0.0598739	0	0	0	1	0	1395.96	6.00607	img_PhysXCar__0_1645805806577408400.png
PhysXCar	1645805806630	67.2378	7.83687	-0.0360491	0.998205	-6.70828e-05	-0.0012467	-0.0598765	0	0	0	1	0	1332.79	5.8706	img_PhysXCar__0_1645805806628668800.png
PhysXCar	1645805806681	67.525	7.80219	-0.0360132	0.998205	-6.87351e-05	-0.00137599	-0.0598791	0	0	0	1	0	1277.87	5.73383	img_PhysXCar__0_1645805806678638600.png
PhysXCar	1645805806726	67.7969	7.76906	-0.0359832	0.998204	-7.04194e-05	-0.00148343	-0.0598818	1	0	0	1	0	1246.45	5.60532	img_PhysXCar__0_1645805806725607900.png
PhysXCar	1645805806779	68.0778	7.73531	-0.0359595	0.998204	-7.15555e-05	-0.00156762	-0.0598847	1	0	0	1	0	1304.31	5.47098	img_PhysXCar__0_1645805806777685400.png
PhysXCar	1645805806828	68.3484	7.70281	-0.0359502	0.998204	-7.06701e-05	-0.00160165	-0.0598871	1	0	0	1	0	1455.63	5.356	img_PhysXCar__0_1645805806827195300.png
PhysXCar	1645805806880	68.6134	7.67094	-0.0359608	0.998204	-6.61921e-05	-0.00156239	-0.0598889	1	0	0	1	0	1691.55	5.27087	img_PhysXCar__0_1645805806878250800.png
PhysXCar	1645805806928	68.8712	7.64	-0.0359966	0.998204	-5.70325e-05	-0.00143486	-0.0598903	1	0	0	1	0	1931.79	5.22382	img_PhysXCar__0_1645805806926988900.png
PhysXCar	1645805806979	69.1278	7.61	-0.0360531	0.998204	-4.38171e-05	-0.00123209	-0.0598908	1	0	0	1	0	2155.46	5.21125	img_PhysXCar__0_1645805806977280900.png
PhysXCar	1645805807027	69.3894	7.57875	-0.0361258	0.998204	-2.75224e-05	-0.000972428	-0.0598908	1	0	0	1	0	2357.91	5.2288	img_PhysXCar__0_1645805807026199600.png
PhysXCar	1645805807079	69.6553	7.54688	-0.036206	0.998205	-9.89195e-06	-0.000686152	-0.0598903	1	0	0	1	0	2554.43	5.27104	img_PhysXCar__0_1645805807077454400.png
PhysXCar	1645805807130	69.9262	7.51437	-0.0362885	0.998205	7.95904e-06	-0.000392963	-0.0598896	1	0	0	1	0	2735.98	5.33051	img_PhysXCar__0_1645805807128940800.png
PhysXCar	1645805807178	70.1437	7.48844	-0.0363489	0.998205	2.10139e-05	-0.000177112	-0.0598885	1	0	0	1	0	2888.52	5.39466	img_PhysXCar__0_1645805807177045800.png
PhysXCar	1645805807228	70.4497	7.45219	-0.0364312	0.998205	3.86661e-05	0.000116507	-0.0598869	1	0	0	1	0	3059.47	5.4806	img_PhysXCar__0_1645805807226610800.png
PhysXCar	1645805807279	70.7256	7.41906	-0.0364956	0.998205	5.24669e-05	0.000347062	-0.0598851	1	0	0	1	0	3216.72	5.57193	img_PhysXCar__0_1645805807277870100.png
PhysXCar	1645805807328	71.0091	7.38437	-0.0365536	0.998205	6.48262e-05	0.000554237	-0.0598832	1	0	0	1	0	3370.03	5.67163	img_PhysXCar__0_1645805807327459100.png
PhysXCar	1645805807378	71.2809	7.35125	-0.0366026	0.998205	7.52482e-05	0.000729404	-0.0598811	1	0	0	1	0	3511.16	5.77144	img_PhysXCar__0_1645805807376194200.png
PhysXCar	1645805807428	71.5753	7.315	-0.0366494	0.998205	8.51537e-05	0.000896301	-0.059879	1	0	0	1	0	3658.02	5.88342	img_PhysXCar__0_1645805807426507400.png
PhysXCar	1645805807478	71.8337	7.28406	-0.0366836	0.998205	9.24002e-05	0.00101869	-0.0598768	1	0	0	1	0	3788.79	5.98956	img_PhysXCar__0_1645805807477454500.png
PhysXCar	1645805807531	72.1859	7.24125	-0.0367261	0.998205	0.000101389	0.00117066	-0.0598739	1	0	0	1	0	3937.62	6.11703	img_PhysXCar__0_1645805807529412600.png
PhysXCar	1645805807578	72.4741	7.20656	-0.0367545	0.998205	0.000107405	0.00127258	-0.0598712	0	0	0	1	0	4038.89	6.2304	img_PhysXCar__0_1645805807575944500.png
PhysXCar	1645805807627	72.7903	7.16844	-0.0367796	0.998205	0.000112675	0.00136219	-0.0598686	0	0	0	1	0	3920.79	6.3405	img_PhysXCar__0_1645805807626653800.png
PhysXCar	1645805807680	73.1156	7.12969	-0.0367908	0.998205	0.000115051	0.00140337	-0.0598659	0	0	0	1	0	3519.72	6.44895	img_PhysXCar__0_1645805807678034500.png
PhysXCar	1645805807730	73.44	7.09062	-0.0367813	0.998206	0.000112854	0.00136821	-0.0598638	0	0	0	1	0	3147.75	6.51885	img_PhysXCar__0_1645805807728431500.png
PhysXCar	1645805807781	73.7691	7.05125	-0.0367485	0.998206	0.000105852	0.00125267	-0.0598622	0	0	0	1	0	2823.24	6.55639	img_PhysXCar__0_1645805807779763500.png
PhysXCar	1645805807830	74.0912	7.01219	-0.0366979	0.998206	9.49774e-05	0.00107228	-0.0598617	0	0	0	1	0	2562.1	6.56009	img_PhysXCar__0_1645805807828771000.png
PhysXCar	1645805807880	74.4222	6.97281	-0.0366296	0.998206	8.02841e-05	0.000827746	-0.0598617	0	0	0	1	0	2327.22	6.5332	img_PhysXCar__0_1645805807879271200.png
PhysXCar	1645805807927	74.7266	6.93563	-0.0365617	0.998206	6.5745e-05	0.000585293	-0.0598622	0	0	0	1	0	2144.77	6.48625	img_PhysXCar__0_1645805807926052800.png
PhysXCar	1645805807980	75.0522	6.89625	-0.0364845	0.998207	4.91764e-05	0.000308448	-0.0598633	0	0	0	1	0	1974.05	6.41572	img_PhysXCar__0_1645805807978481500.png
PhysXCar	1645805808031	75.3325	6.86281	-0.0364198	0.998206	3.53627e-05	7.72361e-05	-0.0598646	0	0	0	1	0	1835.54	6.33414	img_PhysXCar__0_1645805808029342600.png
PhysXCar	1645805808080	75.6844	6.82031	-0.0363375	0.998206	1.77982e-05	-0.000217164	-0.0598667	0	0	0	1	0	1707.93	6.23376	img_PhysXCar__0_1645805808078494900.png
PhysXCar	1645805808129	75.9938	6.78281	-0.0362702	0.998206	3.47492e-06	-0.000457481	-0.0598688	0	0	0	1	0	1601.68	6.12641	img_PhysXCar__0_1645805808128394200.png
PhysXCar	1645805808179	76.2897	6.74719	-0.0362118	0.998206	-8.96578e-06	-0.000666443	-0.0598709	0	0	0	1	0	1510.77	6.01263	img_PhysXCar__0_1645805808177889500.png
PhysXCar	1645805808228	76.5806	6.7125	-0.0361584	0.998206	-2.03559e-05	-0.000857852	-0.0598733	0	0	0	1	0	1434.13	5.89627	img_PhysXCar__0_1645805808226733900.png
PhysXCar	1645805808283	76.8937	6.67469	-0.0361052	0.998205	-3.16621e-05	-0.00104771	-0.059876	0	0	0	1	0	1358.27	5.75837	img_PhysXCar__0_1645805808281033200.png
PhysXCar	1645805808332	77.1712	6.64156	-0.0360635	0.998205	-4.06077e-05	-0.00119789	-0.0598786	0	0	0	1	0	1299.35	5.63163	img_PhysXCar__0_1645805808330288100.png
PhysXCar	1645805808385	77.4512	6.60781	-0.0360263	0.998205	-4.84845e-05	-0.00132998	-0.0598812	0	0	0	1	0	1245.56	5.49756	img_PhysXCar__0_1645805808381025700.png
PhysXCar	1645805808430	77.6581	6.58281	-0.036004	0.998204	-5.32604e-05	-0.00141	-0.0598831	1	0	0	1	0	1220.66	5.3786	img_PhysXCar__0_1645805808428768100.png
PhysXCar	1645805808478	77.9634	6.54594	-0.035976	0.998204	-5.91604e-05	-0.00150865	-0.059886	1	0	0	1	0	1282.71	5.24874	img_PhysXCar__0_1645805808476835800.png
PhysXCar	1645805808528	78.2234	6.51406	-0.0359673	0.998204	-6.10379e-05	-0.00154001	-0.0598879	1	0	0	1	0	1431.96	5.14156	img_PhysXCar__0_1645805808527061700.png
PhysXCar	1645805808580	78.4837	6.48281	-0.0359798	0.998204	-5.83145e-05	-0.00149455	-0.05989	1	0	0	1	0	1659.56	5.05966	img_PhysXCar__0_1645805808579046900.png
PhysXCar	1645805808629	78.7284	6.45344	-0.036017	0.998204	-5.03444e-05	-0.00136163	-0.0598911	1	0	0	1	0	1909.28	5.02175	img_PhysXCar__0_1645805808627601400.png
PhysXCar	1645805808679	78.9784	6.42312	-0.0360773	0.998204	-3.73801e-05	-0.00114554	-0.0598916	1	0	0	1	0	2129.45	5.01745	img_PhysXCar__0_1645805808677763300.png
PhysXCar	1645805808728	79.2216	6.39344	-0.0361486	0.998204	-2.20957e-05	-0.000890829	-0.0598914	1	0	0	1	0	2322.55	5.04116	img_PhysXCar__0_1645805808726462800.png
PhysXCar	1645805808778	79.4725	6.36344	-0.0362276	0.998205	-5.21874e-06	-0.000609583	-0.0598909	1	0	0	1	0	2512.57	5.08812	img_PhysXCar__0_1645805808776618800.png
PhysXCar	1645805808833	79.7584	6.32937	-0.0363174	0.998205	1.40234e-05	-0.000288712	-0.0598898	1	0	0	1	0	2706.54	5.15826	img_PhysXCar__0_1645805808828862800.png
PhysXCar	1645805808880	79.9944	6.30094	-0.036385	0.998205	2.851e-05	-4.70915e-05	-0.0598885	1	0	0	1	0	2865.49	5.23151	img_PhysXCar__0_1645805808878693300.png
PhysXCar	1645805808929	80.2519	6.27	-0.0364539	0.998205	4.31752e-05	0.000197803	-0.0598872	1	0	0	1	0	3020.07	5.31455	img_PhysXCar__0_1645805808927794400.png
PhysXCar	1645805808979	80.5147	6.23844	-0.0365154	0.998205	5.63235e-05	0.00041747	-0.0598853	1	0	0	1	0	3172.78	5.40785	img_PhysXCar__0_1645805808977223000.png
PhysXCar	1645805809034	80.8041	6.20406	-0.0365751	0.998205	6.91378e-05	0.000631723	-0.0598832	1	0	0	1	0	3332.82	5.51644	img_PhysXCar__0_1645805809030870800.png
PhysXCar	1645805809079	81.0622	6.17281	-0.0366211	0.998205	7.89668e-05	0.000796237	-0.0598813	1	0	0	1	0	3466.53	5.61503	img_PhysXCar__0_1645805809077975700.png
PhysXCar	1645805809130	81.3547	6.13812	-0.036667	0.998205	8.86842e-05	0.000959085	-0.0598789	1	0	0	1	0	3613.45	5.73098	img_PhysXCar__0_1645805809129114700.png
PhysXCar	1645805809181	81.645	6.10281	-0.0367059	0.998205	9.69416e-05	0.00109766	-0.0598765	1	0	0	1	0	3754.15	5.84927	img_PhysXCar__0_1645805809179884100.png
PhysXCar	1645805809231	81.9362	6.06781	-0.0367396	0.998205	0.000104103	0.00121803	-0.0598742	1	0	0	1	0	3889.15	5.96808	img_PhysXCar__0_1645805809229162500.png
PhysXCar	1645805809280	82.2287	6.03219	-0.036768	0.998205	0.000110205	0.00132078	-0.0598715	1	0	0	1	0	4015.77	6.08474	img_PhysXCar__0_1645805809278517600.png
PhysXCar	1645805809330	82.5341	5.99531	-0.0367939	0.998205	0.000115676	0.00141307	-0.0598688	0	0	0	1	0	4066.84	6.20809	img_PhysXCar__0_1645805809327966000.png
PhysXCar	1645805809379	82.8419	5.95812	-0.0368117	0.998205	0.000119484	0.00147769	-0.0598659	0	0	0	1	0	3838.09	6.32533	img_PhysXCar__0_1645805809377390600.png
PhysXCar	1645805809429	83.1575	5.92062	-0.036815	0.998205	0.000120142	0.00148989	-0.0598635	0	0	0	1	0	3431.45	6.42096	img_PhysXCar__0_1645805809427294200.png
PhysXCar	1645805809479	83.4791	5.88188	-0.0367971	0.998206	0.000116259	0.00142623	-0.0598614	0	0	0	1	0	3098.68	6.48097	img_PhysXCar__0_1645805809477959500.png
PhysXCar	1645805809529	83.7975	5.84437	-0.036759	0.998206	0.000108072	0.00129064	-0.0598601	0	0	0	1	0	2790.89	6.51509	img_PhysXCar__0_1645805809527194400.png
PhysXCar	1645805809579	84.1284	5.80406	-0.0367012	0.998206	9.56423e-05	0.001084	-0.0598593	0	0	0	1	0	2504.17	6.51569	img_PhysXCar__0_1645805809578016900.png
PhysXCar	1645805809629	84.4441	5.76625	-0.0366332	0.998206	8.10099e-05	0.000840242	-0.0598595	0	0	0	1	0	2285.26	6.48543	img_PhysXCar__0_1645805809627437800.png
PhysXCar	1645805809681	84.7766	5.72594	-0.0365542	0.998207	6.40737e-05	0.000557627	-0.0598601	0	0	0	1	0	2088.75	6.42906	img_PhysXCar__0_1645805809678841400.png
PhysXCar	1645805809733	85.1066	5.68625	-0.0364721	0.998207	4.65179e-05	0.000264062	-0.0598614	0	0	0	1	0	1923.87	6.354	img_PhysXCar__0_1645805809731537400.png
PhysXCar	1645805809779	85.3988	5.65094	-0.036403	0.998207	3.17028e-05	1.60123e-05	-0.059863	0	0	0	1	0	1798.03	6.27371	img_PhysXCar__0_1645805809778247900.png
PhysXCar	1645805809833	85.7219	5.61188	-0.036328	0.998206	1.57354e-05	-0.000251733	-0.0598648	0	0	0	1	0	1675.2	6.17137	img_PhysXCar__0_1645805809831147100.png
PhysXCar	1645805809881	86.0184	5.57625	-0.0362643	0.998206	2.18101e-06	-0.000479258	-0.059867	0	0	0	1	0	1575.65	6.06585	img_PhysXCar__0_1645805809879755500.png
PhysXCar	1645805809942	86.3812	5.53281	-0.036188	0.998206	-1.40656e-05	-0.000752062	-0.0598696	0	0	0	1	0	1474.47	5.9317	img_PhysXCar__0_1645805809940572300.png
PhysXCar	1645805809982	86.6137	5.50437	-0.0361488	0.998206	-2.24037e-05	-0.000892183	-0.0598717	0	0	0	1	0	1413.76	5.83473	img_PhysXCar__0_1645805809980268300.png
PhysXCar	1645805810036	86.9144	5.46812	-0.0361002	0.998205	-3.27394e-05	-0.00106574	-0.0598744	0	0	0	1	0	1338.44	5.69276	img_PhysXCar__0_1645805810033472500.png
PhysXCar	1645805810084	87.1791	5.43719	-0.0360613	0.998205	-4.10541e-05	-0.00120527	-0.0598767	0	0	0	1	0	1283.74	5.57128	img_PhysXCar__0_1645805810082178800.png
PhysXCar	1645805810134	87.4656	5.40281	-0.0360232	0.998205	-4.91409e-05	-0.00134087	-0.0598794	0	0	0	1	0	1233.04	5.44182	img_PhysXCar__0_1645805810132674500.png
PhysXCar	1645805810191	87.7678	5.36625	-0.0359879	0.998204	-5.66726e-05	-0.00146694	-0.0598823	0	0	0	1	0	1178.58	5.28071	img_PhysXCar__0_1645805810188276500.png
PhysXCar	1645805810231	0	0	-0.801883	1	-0	0	0	0	0	0	0	0	0	3.33532e-08	img_PhysXCar__0_1645805810229790800.png
PhysXCar	1645805810285	0	0	-0.783979	1	-0	0	0	0	0	0	0	0	0	1.16365e-07	img_PhysXCar__0_1645805810282860400.png
